   001 001   002 002   003 003   004 004   005 005   006 006   007 007   008 008   009 009   010 010   011 011   012 012   013 013   014 014   015 015   016 016   017 017   018 018   019 019   020 020   

1  161 343    93 198   150 106   244 111   269  97   287 119   374 144   405 251   337 358   257 218   247 288   201 364   291 367   271 315   224 306   245 340   242 384   222 355   244 368   265 362   
2  105 279    79 160   171  46   226  50   255  37   291  58   356  66   423 194   311 317   248 158   231 239   191 313   272 320   250 252   209 247   232 289   225 328   212 302   231 310   249 306   
3  171 272   116 204   161 131   224 125   253 106   280 125   322 121   391 189   350 257   259 190   256 214   221 283   297 280   273 226   240 225   256 250   261 295   235 261   256 278   284 261   
4  157 312    75 175   155  64   240  80   266  62   295  76   357  69   431 174   367 302   255 177   248 239   216 321   283 320   268 252   225 256   247 291   247 336   225 305   246 318   268 309   
5  173 239   131 174   173 108   195 107   205  99   216 108   234 114   277 183   235 241   206 176   205 197   181 247   223 248   215 209   196 208   204 223   204 249   196 234   204 240   217 237   
6  139 288    75 153   128  73   217  80   236  64   255  79   346  66   408 161   349 280   236 146   233 202   205 283   271 274   256 219   213 218   238 252   242 289   218 264   242 282   260 262   
7  141 258    80 163   153  83   241  68   260  51   279  66   370  82   431 160   342 256   257 145   254 178   218 256   297 259   273 193   236 193   256 228   258 278   231 240   257 256   279 247   
8  150 353    79 252   162 146   243 137   263 119   282 139   385 139   455 238   346 358   259 257   259 288   215 364   299 367   281 307   237 303   256 336   257 384   231 341   258 362   284 346   
9  141 337    55 189   132  59   234  38   252  27   269  38   405  69   452 198   319 324   260 169   256 251   211 341   297 342   280 268   232 266   258 308   256 361   235 322   257 333   278 321   
10 163 278    88 144   175  48   246  47   267  33   290  50   351  58   423 140   329 284   252 151   240 207   208 284   281 288   260 222   224 224   243 257   242 290   222 267   241 280   258 272   
11 179 231   127 140   189  74   223  66   245  48   269  61   304  65   381 137   326 234   247 135   248 173   210 241   283 242   260 183   234 183   248 215   248 254   232 219   249 234   266 222   
12 145 268    84 127   154  61   246  58   264  44   285  62   385  75   436 167   346 275   255 145   252 198   209 278   289 279   273 227   224 223   250 245   249 297   227 256   248 270   271 258   
13 154 362    72 228   131 164   255 163   266 147   282 162   416 176   442 214   335 372   251 256   248 284   200 367   289 371   261 297   231 297   245 335   239 384   218 352   244 370   269 353   
14 160 262    72 164   179  49   245  42   258  26   277  45   344  39   440 142   370 263   257 137   255 188   191 265   306 268   270 202   237 200   250 242   246 283   220 256   246 270   278 257   
15 139 260    75 149   158  55   240  57   255  44   270  59   364  75   415 175   325 276   246 152   243 216   202 277   280 284   260 228   228 225   242 258   237 293   222 273   237 288   263 272   
16 161 305   100 207   155  78   226  73   244  60   264  70   336  71   402 198   330 302   248 178   247 238   213 316   297 316   268 254   234 257   253 292   253 327   234 300   255 313   274 297   
17 143 305    84 195   170  73   239  85   258  72   258  86   345  83   418 189   324 310   248 197   245 245   202 315   283 312   258 257   227 258   245 291   244 333   220 309   245 323   268 306   
18 170 291    75 190   150 110   226 107   257  98   283 110   363 119   439 189   342 282   253 186   252 226   215 291   299 284   269 235   231 236   256 267   258 307   233 281   258 295   283 279   
19 169 245   105 131   152  73   238  55   253  37   267  52   354  67   403 139   340 247   257 144   258 184   208 255   298 256   272 195   242 194   256 225   254 273   232 238   256 253   284 241   
20 138 272    56 152   135  53   242  58   271  41   295  59   383  63   460 144   357 281   261 135   255 187   210 280   291 282   273 201   232 202   251 244   245 293   227 261   250 273   275 268   
21 138 292    72 171   140  54   230  47   254  26   270  47   367  54   422 130   359 286   250 149   240 208   200 307   294 306   264 231   219 228   247 270   247 311   217 287   246 294   275 290   
22 197 311   104 190   157  81   232  71   245  47   266  65   345  55   420 146   368 283   259 164   265 227   240 316   317 301   282 238   251 244   273 279   284 325   258 294   279 301   292 286   
23 181 287    96 147   171  65   221  71   249  51   278  69   343  74   405 156   329 282   253 161   253 216   218 291   288 287   266 226   239 228   253 259   254 300   231 272   253 288   276 276   
24 170 295    69 138   167  30   248  27   271   9   298  21   371  25   466 143   375 306   264 157   265 227   214 315   298 314   285 245   243 242   260 286   260 335   234 300   261 321   285 302   
25 142 283    59 145   119  58   225  56   239  43   252  55   354  58   417 131   328 276   235 153   234 200   195 280   274 279   255 212   214 209   235 247   236 292   213 257   236 279   254 263   
26 135 288    74 154   127  75   217  81   235  64   255  78   348  66   408 159   348 277   235 150   235 204   197 291   276 284   249 213   216 213   238 251   243 294   218 264   241 283   261 261   
27 142 338    43 176   114  63   224  40   250  24   276  41   381  57   474 167   387 325   250 166   248 238   201 341   310 339   269 250   227 254   253 303   258 357   230 322   256 336   279 318   
28 151 301    82 178   136  57   223  43   242  20   265  37   355  39   410 124   366 283   237 140   238 223   207 321   286 321   255 236   223 237   244 281   250 338   228 299   245 306   263 295   
29 160 279    88 144   135  58   245  48   266  33   289  50   383  69   424 144   338 283   249 141   241 207   205 286   279 290   256 221   224 224   242 260   239 296   222 268   240 287   261 272   
30 146 267    79 153   151  60   245  59   263  44   282  62   395  83   434 164   353 274   253 142   249 198   207 279   286 279   266 212   228 214   248 245   247 297   222 258   247 271   273 259   
31 167 266    79 167   125  80   250  48   264  31   284  50   376  57   447 147   368 270   261 148   261 193   210 275   304 275   276 204   242 202   256 245   252 289   229 262   253 275   285 262   
32 161 310    84 195   154  81   237  84   259  71   285  86   348  83   418 184   328 310   245 179   245 244   207 321   278 316   256 254   227 256   244 291   245 333   220 309   245 323   269 306   
33 129 331    53 168   152  62   250  61   268  48   287  60   406  71   464 171   378 333   261 169   257 346   217 334   291 333   279 259   234 258   255 300   252 352   233 312   256 326   276 314   
34 165 276    86 168   122  73   226  63   247  48   272  60   369  71   414 150   361 267   248 151   251 198   218 283   295 282   266 205   234 210   255 250   257 293   236 264   256 274   276 262   
35 167 273    99 135   180  43   244  48   263  32   279  50   354  59   422 138   351 269   257 135   262 193   225 271   304 273   273 204   247 206   263 247   263 301   238 263   263 281   286 262   
36 114 316    40 170   131  38   241  42   260  31   282  43   378  38   476 186   376 327   255 148   255 227   206 315   293 319   279 243   232 240   255 286   255 343   226 304   255 315   284 301   
37 162 292    57 144    93  65   237  43   263  23   289  41   408  62   449 143   341 294   256 138   249 217   209 302   288 302   265 231   231 232   248 270   249 322   227 280   251 296   271 285   
38 166 338    59 211   118 102   240  83   263  56   288  79   387  85   467 188   375 320   258 197   258 234   215 327   304 322   274 245   240 244   260 287   262 336   236 304   262 314   285 301   
39 141 263    75 149   108  72   238  58   260  31   281  57   394  93   420 190   346 274   245 152   244 199   192 278   284 282   259 210   222 208   240 245   231 306   217 260   237 273   262 262   
40 167 273   102 167   152  90   237  71   256  55   274  69   343  71   409 160   334 273   250 156   248 202   207 283   286 281   261 211   234 210   248 246   248 295   222 258   249 275   270 258   
41 152 302    81 180   139  54   221  43   241  21   268  36   355  37   411 122   335 312   240 151   240 221   209 321   288 318   257 230   226 237   244 282   251 338   227 297   246 305   263 294   
42 156 327    64 168   154  36   237  27   254  16   282  30   399  47   459 173   376 332   263 134   266 234   227 330   311 331   292 248   245 247   267 291   267 343   244 304   267 316   291 307   
43 149 309    79 193   105 131   238 103   261  89   278 107   394 120   426 192   344 311   251 174   252 235   210 308   290 314   265 245   234 245   249 282   249 331   229 295   249 307   269 295   
44 152 310    63 176   123  74   249  45   265  39   281  46   378  64   451 168   357 306   253 145   247 211   215 304   287 304   269 225   227 227   252 269   251 319   233 280   251 307   272 280   
45 143 313    42 142   111  47   233  42   257  15   284  40   373  41   469 146   371 327   256 160   255 244   205 343   297 346   282 253   230 251   253 309   248 359   222 324   253 342   283 326   
46 178 302    99 178   155  66   235  61   257  41   284  57   353  62   414 154   346 302   257 168   261 233   230 308   298 308   280 246   242 248   264 279   265 324   246 289   266 302   284 290   
47 181 229   113 156   178  85   234  72   249  60   264  70   333  85   390 150   322 230   248 141   249 171   220 228   278 231   261 181   237 179   249 207   247 244   234 216   248 226   263 215   
48 188 258   113 154   155  85   234  72   254  55   277  68   349  66   410 144   341 260   259 145   263 186   233 258   296 260   276 194   249 196   264 232   265 274   247 241   264 252   282 242   
49 161 280    79 152   164  64   247  57   263  44   274  60   379  85   421 172   351 283   245 156   242 215   203 292   278 290   260 227   223 227   241 264   239 310   218 275   240 295   265 280   
50 175 266   102 177   175  73   224  80   248  66   273  73   330  65   395 149   327 256   247 143   245 195   226 257   280 256   257 202   233 204   249 235   251 269   233 246   251 260   267 244   
51 159 324    69 158   146  59   244  48   261  35   273  48   379  57   470 178   374 314   260 160   267 242   237 326   311 318   289 255   250 253   271 291   278 334   252 302   373 312   290 299   
52 143 318    64 169   120  65   238  52   256  36   277  50   359  52   445 171   353 321   255 150   252 231   210 320   295 320   271 245   232 243   252 287   251 337   231 298   251 311   272 299   
53 116 327    22 189    91  77   234  53   251  27   281  58   397  71   473 180   363 328   243 162   242 225   195 326   289 328   262 239   222 238   243 286   241 353   213 305   241 330   274 306   
